"Status","Start Time","Stop Time","Duration in ms","Parent Suite","Suite","Sub Suite","Test Class","Test Method","Name","Description"
"broken","Sun Mar 23 13:16:07 GMT 2025","Sun Mar 23 13:16:35 GMT 2025","28264","authorization.tests","SignIn Email","3. Позитивные проверки для набора значений","","","Проверка ввода незарегистрированного в базе email в поле ввода - Кириллица в доменном имени",""
"broken","Sun Mar 23 14:47:54 GMT 2025","Sun Mar 23 14:47:54 GMT 2025","0","authorization.tests","Verification Code","11. Проверка ввода некорректного кода","","","test_type_incorrect_code_and_check_error_message[en-6-123456-\u041d\u0435\u043f\u0440\u0430\u0432\u0438\u043b\u044c\u043d\u044b\u0439 \u043a\u043e\u0434 \u043f\u043e\u0434\u0442\u0432\u0435\u0440\u0436\u0434\u0435\u043d\u0438\u044f]",""
"broken","Sun Mar 23 14:41:42 GMT 2025","Sun Mar 23 14:41:42 GMT 2025","0","authorization.tests","Verification Code","7. При клике по ссылке Click to Resend / Нажмите, чтобы отправить повторно / Clique para reenviar появляется текст Resend Code /                       Повторная отправка кода / Reenviar código em и время отсчёта 60 секунд","","","test_click_resend_link_and_find_timer[pt]",""
"broken","Sun Mar 23 14:16:21 GMT 2025","Sun Mar 23 14:16:21 GMT 2025","0","authorization.tests","SignUp Password","4. Проверка перехода по ссылке Change email/Alterar email/Изменить электронную почту","","","test_click_change_email_link_on_signup_page[en]",""
"broken","Sun Mar 23 14:15:53 GMT 2025","Sun Mar 23 14:15:53 GMT 2025","0","authorization.tests","SignUp Password","3. Проверка наличия ссылки Change email/Alterar email/Изменить электронную почту","","","test_check_change_email_link_on_signup_page[pt]",""
"broken","Sun Mar 23 13:14:41 GMT 2025","Sun Mar 23 13:15:09 GMT 2025","28272","authorization.tests","SignIn Email","3. Позитивные проверки для набора значений","","","Проверка ввода незарегистрированного в базе email в поле ввода - Цифры после букв в доменном имени",""
"broken","Sun Mar 23 14:40:44 GMT 2025","Sun Mar 23 14:40:44 GMT 2025","0","authorization.tests","Verification Code","7. При клике по ссылке Click to Resend / Нажмите, чтобы отправить повторно / Clique para reenviar появляется текст Resend Code /                       Повторная отправка кода / Reenviar código em и время отсчёта 60 секунд","","","test_click_resend_link_and_find_timer[en]",""
"broken","Sun Mar 23 14:44:05 GMT 2025","Sun Mar 23 14:44:05 GMT 2025","0","authorization.tests","Verification Code","9. Проверка ввода корректного кода подтверждения - 6 символов","","","test_enter_correct_verification_code[ru]",""
"broken","Sun Mar 23 13:59:08 GMT 2025","Sun Mar 23 13:59:08 GMT 2025","0","authorization.tests","Reset Password","7. В первом поле Create Password / Создать пароль / Criar senha присутствует плейсхолдер","","","test_check_placeholder_in_enter_password_field[en]",""
"broken","Sun Mar 23 14:06:19 GMT 2025","Sun Mar 23 14:06:19 GMT 2025","0","authorization.tests","Reset Password","12. Негативные проверки валидации: Проверка ввода 2х одинаковых невалидных паролей","","","test_check_enter_two_seperate_uncorrect_password[en-1]",""
"broken","Sun Mar 23 14:23:03 GMT 2025","Sun Mar 23 14:23:03 GMT 2025","0","authorization.tests","SignUp Password","8. Проверка на обязательность заполнения: оставить второе поле пустым","","","test_check_error_message_with_empty_repeat_password_field[pt]",""
"broken","Sun Mar 23 13:45:16 GMT 2025","Sun Mar 23 13:45:16 GMT 2025","0","authorization.tests","SignIn Password","4. Проверка перехода по ссылке Change email/Alterar email/Изменить электронную почту","","","test_click_change_email_link_on_welcome_page[ru]",""
"broken","Sun Mar 23 14:06:47 GMT 2025","Sun Mar 23 14:06:47 GMT 2025","0","authorization.tests","Reset Password","12. Негативные проверки валидации: Проверка ввода 2х одинаковых невалидных паролей","","","test_check_enter_two_seperate_uncorrect_password[en-7]",""
"broken","Sun Mar 23 14:46:28 GMT 2025","Sun Mar 23 14:46:28 GMT 2025","0","authorization.tests","Verification Code","10. Проверка ввода 1 или 5 символов в поля ввода кода верификации","","","test_check_no_button_on_the_page[ru-5-00000]",""
"broken","Sun Mar 23 14:43:36 GMT 2025","Sun Mar 23 14:43:36 GMT 2025","0","authorization.tests","Verification Code","9. Проверка ввода корректного кода подтверждения - 6 символов","","","test_enter_correct_verification_code[en]",""
"broken","Sun Mar 23 13:27:35 GMT 2025","Sun Mar 23 13:27:35 GMT 2025","0","authorization.tests","SignIn Email","6. Негативные проверки для набора значений","","","test_invalid_email_set_of_values_en[ru-@example.com-\u041e\u0442\u0441\u0443\u0442\u0441\u0442\u0432\u0438\u0435 \u043b\u043e\u043a\u0430\u043b\u044c\u043d\u043e\u0433\u043e \u0438\u043c\u0435\u043d\u0438]",""
"broken","Sun Mar 23 13:05:07 GMT 2025","Sun Mar 23 13:05:35 GMT 2025","28288","authorization.tests","Header","2. Проверка перехода по пункту меню “Create contract/Создание контракта/Criar Contrato“ на раздел Create contract/Создание контракта/Criar Contrato на главной странице лендинга","","","RU  - Проверка перехода по пункту меню “Create contract/Создание контракта/Criar Contrato“ на раздел Create contract/Создание контракта/Criar Contrato на главной странице лендинга",""
"broken","Sun Mar 23 13:55:48 GMT 2025","Sun Mar 23 13:55:48 GMT 2025","0","authorization.tests","Reset Password","4. Проверка наличия ссылки Change email/Alterar email/Изменить электронную почту","","","test_check_change_email_link_on_reset_password_page[pt]",""
"broken","Sun Mar 23 14:27:49 GMT 2025","Sun Mar 23 14:27:49 GMT 2025","0","authorization.tests","SignUp Password","11. Негативные проверки валидации: Проверка ввода 2х одинаковых невалидных паролей","","","test_check_enter_two_seperate_uncorrect_password[ru-7]",""
"broken","Sun Mar 23 13:43:50 GMT 2025","Sun Mar 23 13:43:50 GMT 2025","0","authorization.tests","SignIn Password","3. Проверка наличия ссылки Change email/Alterar email/Изменить электронную почту","","","test_check_change_email_link_on_welcome_page[ru]",""
"broken","Sun Mar 23 14:24:00 GMT 2025","Sun Mar 23 14:24:00 GMT 2025","0","authorization.tests","SignUp Password","9. Проверка ввода 2х разных валидных паролей","","","test_check_enter_two_different_password[ru]",""
"broken","Sun Mar 23 13:45:45 GMT 2025","Sun Mar 23 13:45:45 GMT 2025","0","authorization.tests","SignIn Password","4. Проверка перехода по ссылке Change email/Alterar email/Изменить электронную почту","","","test_click_change_email_link_on_welcome_page[pt]",""
"broken","Sun Mar 23 13:52:56 GMT 2025","Sun Mar 23 13:52:56 GMT 2025","0","authorization.tests","Reset Password","2. Проверка наличия заголовка Reset Password / Сброс пароля/ Redefinir Senha","","","test_check_title_on_reset_password_page[pt]",""
"broken","Sun Mar 23 13:33:48 GMT 2025","Sun Mar 23 13:33:48 GMT 2025","0","authorization.tests","SignIn Email","6. Негативные проверки для набора значений","","","test_invalid_email_set_of_values_en[pt-email@ -example.com-\u0414\u0435\u0444\u0438\u0441 \u0432 \u043d\u0430\u0447\u0430\u043b\u0435 \u0434\u043e\u043c\u0435\u043d\u043d\u043e\u0433\u043e \u0438\u043c\u0435\u043d\u0438]",""
"broken","Sun Mar 23 13:11:49 GMT 2025","Sun Mar 23 13:12:17 GMT 2025","28298","authorization.tests","SignIn Email","3. Позитивные проверки для набора значений","","","Проверка ввода незарегистрированного в базе email в поле ввода - Только цифры в локальном имени",""
"broken","Sun Mar 23 13:12:46 GMT 2025","Sun Mar 23 13:13:14 GMT 2025","28259","authorization.tests","SignIn Email","3. Позитивные проверки для набора значений","","","Проверка ввода незарегистрированного в базе email в поле ввода - Только цифры в доменном имени",""
"broken","Sun Mar 23 14:14:55 GMT 2025","Sun Mar 23 14:14:55 GMT 2025","0","authorization.tests","SignUp Password","3. Проверка наличия ссылки Change email/Alterar email/Изменить электронную почту","","","test_check_change_email_link_on_signup_page[en]",""
"broken","Sun Mar 23 13:58:11 GMT 2025","Sun Mar 23 13:58:11 GMT 2025","0","authorization.tests","Reset Password","6. Кнопка сброса пароля неактивна при незаполненных полях","","","test_check_reset_button_with_empty_fields[ru]",""
"broken","Sun Mar 23 13:37:37 GMT 2025","Sun Mar 23 13:37:37 GMT 2025","0","authorization.tests","SignIn Email","7. Негативные проверки для диапазона","","","test_invalid_email_range_en[ru-email@exampleexampleexampleexampleexampleexampleexampleexampleexamplee.com-\u0414\u043b\u0438\u043d\u0430 \u0434\u043e\u043c\u0435\u043d\u043d\u043e\u0433\u043e \u0438\u043c\u0435\u043d\u0438 64 \u0441\u0438\u043c\u0432\u043e\u043b\u0430]",""
"broken","Sun Mar 23 13:26:37 GMT 2025","Sun Mar 23 13:26:37 GMT 2025","0","authorization.tests","SignIn Email","6. Негативные проверки для набора значений","","","test_invalid_email_set_of_values_en[ru-email@email@example.com-\u041d\u0435\u0441\u043a\u043e\u043b\u044c\u043a\u043e @@]",""
"broken","Sun Mar 23 14:03:26 GMT 2025","Sun Mar 23 14:03:26 GMT 2025","0","authorization.tests","Reset Password","10. Проверка ввода 2х разных валидных паролей","","","test_check_enter_two_different_password[en]",""
"broken","Sun Mar 23 13:18:30 GMT 2025","Sun Mar 23 13:18:59 GMT 2025","28286","authorization.tests","SignIn Email","4. Позитивные проверки для диапазона","","","Проверка ввода незарегистрированного в базе email в поле ввода - Длина доменного имени 1 символ",""
"broken","Sun Mar 23 14:39:47 GMT 2025","Sun Mar 23 14:39:47 GMT 2025","0","authorization.tests","Verification Code","6. По истечении 60 секунд появляется текст Didn't receive an email? / Не получили письмо? / Não recebeu o email?                        и ссылки с текстом Click to Resend / Нажмите, чтобы отправить повторно / Clique para reenviar под полями для ввода кода подтверждения","","","test_find_resend_link[ru]",""
"broken","Sun Mar 23 14:42:39 GMT 2025","Sun Mar 23 14:42:39 GMT 2025","0","authorization.tests","Verification Code","8. Проверка наличия кнопки Verify/Проверить/Verificar при введении кода подтверждения из 6 символов","","","test_check_verify_button[ru]",""
"broken","Sun Mar 23 13:46:14 GMT 2025","Sun Mar 23 13:46:14 GMT 2025","0","authorization.tests","SignIn Password","5. Проверка ввода пароля для зарегистрированного в базе пользователя в поле ввода","","","test_enter_registered_password[en]",""
"broken","Sun Mar 23 13:49:34 GMT 2025","Sun Mar 23 13:49:34 GMT 2025","0","authorization.tests","SignIn Password","7. Проверка: Оставить поле пустым","","","test_empty_password_field[ru]",""
"broken","Sun Mar 23 13:44:48 GMT 2025","Sun Mar 23 13:44:48 GMT 2025","0","authorization.tests","SignIn Password","4. Проверка перехода по ссылке Change email/Alterar email/Изменить электронную почту","","","test_click_change_email_link_on_welcome_page[en]",""
"broken","Sun Mar 23 13:07:02 GMT 2025","Sun Mar 23 13:07:30 GMT 2025","28269","authorization.tests","Header","3. Проверка перехода по пункту меню “Advantages/Преимущества/Vantagens“ на раздел Advantages/Преимущества/Vantagens на главной странице лендинга","","","PT  - Проверка перехода по пункту меню “Advantages/Преимущества/Vantagens“ на раздел Advantages/Преимущества/Vantagens на главной странице лендинга",""
"broken","Sun Mar 23 13:04:38 GMT 2025","Sun Mar 23 13:05:07 GMT 2025","28276","authorization.tests","Header","2. Проверка перехода по пункту меню “Create contract/Создание контракта/Criar Contrato“ на раздел Create contract/Создание контракта/Criar Contrato на главной странице лендинга","","","EN  - Проверка перехода по пункту меню “Create contract/Создание контракта/Criar Contrato“ на раздел Create contract/Создание контракта/Criar Contrato на главной странице лендинга",""
"broken","Sun Mar 23 14:05:50 GMT 2025","Sun Mar 23 14:05:50 GMT 2025","0","authorization.tests","Reset Password","11. Проверка ввода 2х одинаковых валидных паролей, но в разном регистре","","","test_check_enter_two_seperate_password_in_different_register[pt]",""
"broken","Sun Mar 23 13:42:53 GMT 2025","Sun Mar 23 13:42:53 GMT 2025","0","authorization.tests","SignIn Password","2. Проверка наличия email, введённого ранее на странице входа","","","test_check_email_text_on_welcome_page[pt]",""
"broken","Sun Mar 23 14:29:44 GMT 2025","Sun Mar 23 14:29:44 GMT 2025","0","authorization.tests","SignUp Password","12. Позитивные проверки валидации - Проверка ввода 2х одинаковых валидных паролей","","","test_check_enter_two_seperate_correct_password[en-9]",""
"broken","Sun Mar 23 13:29:29 GMT 2025","Sun Mar 23 13:29:29 GMT 2025","0","authorization.tests","SignIn Email","6. Негативные проверки для набора значений","","","test_invalid_email_set_of_values_en[ru-email@ -example.com-\u0414\u0435\u0444\u0438\u0441 \u0432 \u043d\u0430\u0447\u0430\u043b\u0435 \u0434\u043e\u043c\u0435\u043d\u043d\u043e\u0433\u043e \u0438\u043c\u0435\u043d\u0438]",""
"broken","Sun Mar 23 13:38:06 GMT 2025","Sun Mar 23 13:38:06 GMT 2025","0","authorization.tests","SignIn Email","7. Негативные проверки для диапазона","","","test_invalid_email_range_en[ru-email@exampleexampleexampleexampleexampleexampleexampleexampleexampleex.com-\u0414\u043b\u0438\u043d\u0430 \u0434\u043e\u043c\u0435\u043d\u043d\u043e\u0433\u043e \u0438\u043c\u0435\u043d\u0438 65 \u0441\u0438\u043c\u0432\u043e\u043b\u043e\u0432]",""
"broken","Sun Mar 23 14:21:37 GMT 2025","Sun Mar 23 14:21:37 GMT 2025","0","authorization.tests","SignUp Password","7. Проверка на обязательность заполнения: оставить первое поле пустым","","","test_check_error_message_with_empty_create_password_field[pt]",""
"broken","Sun Mar 23 13:40:58 GMT 2025","Sun Mar 23 13:40:58 GMT 2025","0","authorization.tests","SignIn Password","1. Проверка наличия заголовка Welcome / Добро пожаловать / Bem-vindo","","","test_check_welcome_title[ru]",""
"broken","Sun Mar 23 14:02:00 GMT 2025","Sun Mar 23 14:02:00 GMT 2025","0","authorization.tests","Reset Password","9. Проверка на обязательность заполнения: оставить второе поле пустым","","","test_check_error_message_with_empty_repeat_password_field[en]",""
"broken","Sun Mar 23 14:46:57 GMT 2025","Sun Mar 23 14:46:57 GMT 2025","0","authorization.tests","Verification Code","10. Проверка ввода 1 или 5 символов в поля ввода кода верификации","","","test_check_no_button_on_the_page[pt-1-0]",""
"broken","Sun Mar 23 14:31:39 GMT 2025","Sun Mar 23 14:31:39 GMT 2025","0","authorization.tests","SignUp Password","12. Позитивные проверки валидации - Проверка ввода 2х одинаковых валидных паролей","","","test_check_enter_two_seperate_correct_password[pt-9]",""
"broken","Sun Mar 23 14:17:19 GMT 2025","Sun Mar 23 14:17:19 GMT 2025","0","authorization.tests","SignUp Password","4. Проверка перехода по ссылке Change email/Alterar email/Изменить электронную почту","","","test_click_change_email_link_on_signup_page[pt]",""
"broken","Sun Mar 23 13:39:03 GMT 2025","Sun Mar 23 13:39:03 GMT 2025","0","authorization.tests","SignIn Email","7. Негативные проверки для диапазона","","","test_invalid_email_range_en[pt-emailemailemailemailemailemailemailemailemailemailemailemailemaile@example.com-\u0414\u043b\u0438\u043d\u043d\u0430 \u043b\u043e\u043a\u0430\u043b\u044c\u043d\u043e\u0433\u043e \u0438\u043c\u0435\u043d\u0438 66 \u0441\u0438\u043c\u0432\u043e\u043b\u043e\u0432]",""
"broken","Sun Mar 23 14:32:08 GMT 2025","Sun Mar 23 14:32:08 GMT 2025","0","authorization.tests","Verification Code","1. Проверка наличия заголовка Check Your Email / Проверьте свою почту / Проверьте свою почту","","","test_check_title_on_verification_code_page[en]",""
"broken","Sun Mar 23 14:42:10 GMT 2025","Sun Mar 23 14:42:10 GMT 2025","0","authorization.tests","Verification Code","8. Проверка наличия кнопки Verify/Проверить/Verificar при введении кода подтверждения из 6 символов","","","test_check_verify_button[en]",""
"broken","Sun Mar 23 13:34:45 GMT 2025","Sun Mar 23 13:34:45 GMT 2025","0","authorization.tests","SignIn Email","7. Негативные проверки для диапазона","","","test_invalid_email_range_en[en-emailemailemailemailemailemailemailemailemailemailemailemailemail@example.com-\u0414\u043b\u0438\u043d\u043d\u0430 \u043b\u043e\u043a\u0430\u043b\u044c\u043d\u043e\u0433\u043e \u0438\u043c\u0435\u043d\u0438 65 \u0441\u0438\u043c\u0432\u043e\u043b\u043e\u0432]",""
"broken","Sun Mar 23 14:09:39 GMT 2025","Sun Mar 23 14:09:39 GMT 2025","0","authorization.tests","Reset Password","13. Позитивные проверки валидации - Проверка ввода 2х одинаковых валидных паролей","","","test_check_enter_two_seperate_correct_password[en-9]",""
"broken","Sun Mar 23 14:51:15 GMT 2025","Sun Mar 23 14:51:15 GMT 2025","0","authorization.tests","Verification Code","11. Проверка ввода некорректного кода","","","test_type_incorrect_code_and_check_error_message[pt-6-abcdef-\u0412\u0432\u043e\u0434 \u0441\u0438\u043c\u0432\u043e\u043b\u043e\u0432]",""
"broken","Sun Mar 23 13:37:08 GMT 2025","Sun Mar 23 13:37:08 GMT 2025","0","authorization.tests","SignIn Email","7. Негативные проверки для диапазона","","","test_invalid_email_range_en[ru-emailemailemailemailemailemailemailemailemailemailemailemailemaile@example.com-\u0414\u043b\u0438\u043d\u043d\u0430 \u043b\u043e\u043a\u0430\u043b\u044c\u043d\u043e\u0433\u043e \u0438\u043c\u0435\u043d\u0438 66 \u0441\u0438\u043c\u0432\u043e\u043b\u043e\u0432]",""
"broken","Sun Mar 23 14:27:21 GMT 2025","Sun Mar 23 14:27:21 GMT 2025","0","authorization.tests","SignUp Password","11. Негативные проверки валидации: Проверка ввода 2х одинаковых невалидных паролей","","","test_check_enter_two_seperate_uncorrect_password[ru-1]",""
"broken","Sun Mar 23 13:10:23 GMT 2025","Sun Mar 23 13:10:23 GMT 2025","0","authorization.tests","SignIn Email","2. Проверка ввода незарегистрированного в базе email в поле ввода","","","test_enter_unregistered_email[en]",""
"broken","Sun Mar 23 14:04:53 GMT 2025","Sun Mar 23 14:04:53 GMT 2025","0","authorization.tests","Reset Password","11. Проверка ввода 2х одинаковых валидных паролей, но в разном регистре","","","test_check_enter_two_seperate_password_in_different_register[en]",""
"broken","Sun Mar 23 14:26:52 GMT 2025","Sun Mar 23 14:26:52 GMT 2025","0","authorization.tests","SignUp Password","11. Негативные проверки валидации: Проверка ввода 2х одинаковых невалидных паролей","","","test_check_enter_two_seperate_uncorrect_password[en-7]",""
"broken","Sun Mar 23 14:38:50 GMT 2025","Sun Mar 23 14:38:50 GMT 2025","0","authorization.tests","Verification Code","5. Наличие на странице текста Resend Code / Повторная отправка кода / Reenviar código em и таймера 60 секунд","","","test_timer_60_sec[pt]",""
"broken","Sun Mar 23 14:32:37 GMT 2025","Sun Mar 23 14:32:37 GMT 2025","0","authorization.tests","Verification Code","1. Проверка наличия заголовка Check Your Email / Проверьте свою почту / Проверьте свою почту","","","test_check_title_on_verification_code_page[ru]",""
"broken","Sun Mar 23 13:08:56 GMT 2025","Sun Mar 23 13:08:56 GMT 2025","0","authorization.tests","SignIn Email","1. Проверка ввода зарегистрированного в базе email в поле ввода","","","test_enter_registered_email[en]",""
"broken","Sun Mar 23 13:22:19 GMT 2025","Sun Mar 23 13:22:19 GMT 2025","0","authorization.tests","SignIn Email","6. Негативные проверки для набора значений","","","test_invalid_email_set_of_values_en[en-email@email@example.com-\u041d\u0435\u0441\u043a\u043e\u043b\u044c\u043a\u043e @@]",""
"broken","Sun Mar 23 14:40:16 GMT 2025","Sun Mar 23 14:40:16 GMT 2025","0","authorization.tests","Verification Code","6. По истечении 60 секунд появляется текст Didn't receive an email? / Не получили письмо? / Não recebeu o email?                        и ссылки с текстом Click to Resend / Нажмите, чтобы отправить повторно / Clique para reenviar под полями для ввода кода подтверждения","","","test_find_resend_link[pt]",""
"broken","Sun Mar 23 14:34:03 GMT 2025","Sun Mar 23 14:34:03 GMT 2025","0","authorization.tests","Verification Code","2. Проверка наличия email, введённого ранее на странице входа","","","test_check_email_text_on_verification_code_page[ru]",""
"broken","Sun Mar 23 13:40:00 GMT 2025","Sun Mar 23 13:40:00 GMT 2025","0","authorization.tests","SignIn Email","7. Негативные проверки для диапазона","","","test_invalid_email_range_en[pt-email@exampleexampleexampleexampleexampleexampleexampleexampleexampleex.com-\u0414\u043b\u0438\u043d\u0430 \u0434\u043e\u043c\u0435\u043d\u043d\u043e\u0433\u043e \u0438\u043c\u0435\u043d\u0438 65 \u0441\u0438\u043c\u0432\u043e\u043b\u043e\u0432]",""
"broken","Sun Mar 23 14:00:34 GMT 2025","Sun Mar 23 14:00:34 GMT 2025","0","authorization.tests","Reset Password","8. Проверка на обязательность заполнения: оставить первое поле пустым","","","test_check_error_message_with_empty_create_password_field[en]",""
"broken","Sun Mar 23 13:59:37 GMT 2025","Sun Mar 23 13:59:37 GMT 2025","0","authorization.tests","Reset Password","7. В первом поле Create Password / Создать пароль / Criar senha присутствует плейсхолдер","","","test_check_placeholder_in_enter_password_field[ru]",""
"broken","Sun Mar 23 13:56:45 GMT 2025","Sun Mar 23 13:56:45 GMT 2025","0","authorization.tests","Reset Password","5. Проверка перехода по ссылке Change email/Alterar email/Изменить электронную почту","","","test_click_change_email_link_on_reset_password_page[ru]",""
"broken","Sun Mar 23 14:35:29 GMT 2025","Sun Mar 23 14:35:29 GMT 2025","0","authorization.tests","Verification Code","3. Проверка наличия ссылки Change email/Alterar email/Изменить электронную почту","","","test_check_change_email_link_on_verification_code_page[ru]",""
"broken","Sun Mar 23 14:30:13 GMT 2025","Sun Mar 23 14:30:13 GMT 2025","0","authorization.tests","SignUp Password","12. Позитивные проверки валидации - Проверка ввода 2х одинаковых валидных паролей","","","test_check_enter_two_seperate_correct_password[ru-8]",""
"broken","Sun Mar 23 14:12:32 GMT 2025","Sun Mar 23 14:12:32 GMT 2025","0","authorization.tests","SignUp Password","1. Проверка наличия заголовка Create an Account / Создать аккаунт / Criar conta","","","test_check_title_on_signup_page[ru]",""
"broken","Sun Mar 23 13:20:53 GMT 2025","Sun Mar 23 13:20:53 GMT 2025","0","authorization.tests","SignIn Email","5. Негативные проверки: Пустое поле","","","test_empty_email_field[ru]",""
"broken","Sun Mar 23 13:54:22 GMT 2025","Sun Mar 23 13:54:22 GMT 2025","0","authorization.tests","Reset Password","3. Проверка наличия email, введённого ранее на странице входа","","","test_check_email_text_on_reset_password_page[pt]",""
"broken","Sun Mar 23 13:25:11 GMT 2025","Sun Mar 23 13:25:11 GMT 2025","0","authorization.tests","SignIn Email","6. Негативные проверки для набора значений","","","test_invalid_email_set_of_values_en[en-email@ -example.com-\u0414\u0435\u0444\u0438\u0441 \u0432 \u043d\u0430\u0447\u0430\u043b\u0435 \u0434\u043e\u043c\u0435\u043d\u043d\u043e\u0433\u043e \u0438\u043c\u0435\u043d\u0438]",""
"broken","Sun Mar 23 14:10:08 GMT 2025","Sun Mar 23 14:10:08 GMT 2025","0","authorization.tests","Reset Password","13. Позитивные проверки валидации - Проверка ввода 2х одинаковых валидных паролей","","","test_check_enter_two_seperate_correct_password[ru-8]",""
"broken","Sun Mar 23 13:33:19 GMT 2025","Sun Mar 23 13:33:19 GMT 2025","0","authorization.tests","SignIn Email","6. Негативные проверки для набора значений","","","test_invalid_email_set_of_values_en[pt-email@-\u041e\u0442\u0441\u0443\u0442\u0441\u0442\u0432\u0438\u0435 \u0434\u043e\u043c\u0435\u043d\u043d\u043e\u0433\u043e \u0438\u043c\u0435\u043d\u0438]",""
"broken","Sun Mar 23 13:17:04 GMT 2025","Sun Mar 23 13:17:32 GMT 2025","28246","authorization.tests","SignIn Email","4. Позитивные проверки для диапазона","","","Проверка ввода незарегистрированного в базе email в поле ввода - Длинна локального имени 2 символа",""
"broken","Sun Mar 23 14:35:58 GMT 2025","Sun Mar 23 14:35:58 GMT 2025","0","authorization.tests","Verification Code","3. Проверка наличия ссылки Change email/Alterar email/Изменить электронную почту","","","test_check_change_email_link_on_verification_code_page[pt]",""
"broken","Sun Mar 23 14:13:29 GMT 2025","Sun Mar 23 14:13:29 GMT 2025","0","authorization.tests","SignUp Password","2. Проверка наличия email, введённого ранее на странице входа","","","test_check_email_text_on_signup_page[en]",""
"broken","Sun Mar 23 13:16:36 GMT 2025","Sun Mar 23 13:17:04 GMT 2025","28259","authorization.tests","SignIn Email","4. Позитивные проверки для диапазона","","","Проверка ввода незарегистрированного в базе email в поле ввода - Длинна локального имени 1 символ",""
"broken","Sun Mar 23 13:36:11 GMT 2025","Sun Mar 23 13:36:11 GMT 2025","0","authorization.tests","SignIn Email","7. Негативные проверки для диапазона","","","test_invalid_email_range_en[en-email@exampleexampleexampleexampleexampleexampleexampleexampleexampleex.com-\u0414\u043b\u0438\u043d\u0430 \u0434\u043e\u043c\u0435\u043d\u043d\u043e\u0433\u043e \u0438\u043c\u0435\u043d\u0438 65 \u0441\u0438\u043c\u0432\u043e\u043b\u043e\u0432]",""
"broken","Sun Mar 23 13:58:40 GMT 2025","Sun Mar 23 13:58:40 GMT 2025","0","authorization.tests","Reset Password","6. Кнопка сброса пароля неактивна при незаполненных полях","","","test_check_reset_button_with_empty_fields[pt]",""
"broken","Sun Mar 23 14:11:34 GMT 2025","Sun Mar 23 14:11:34 GMT 2025","0","authorization.tests","Reset Password","13. Позитивные проверки валидации - Проверка ввода 2х одинаковых валидных паролей","","","test_check_enter_two_seperate_correct_password[pt-9]",""
"broken","Sun Mar 23 14:04:24 GMT 2025","Sun Mar 23 14:04:24 GMT 2025","0","authorization.tests","Reset Password","10. Проверка ввода 2х разных валидных паролей","","","test_check_enter_two_different_password[pt]",""
"broken","Sun Mar 23 14:51:44 GMT 2025","Sun Mar 23 14:51:44 GMT 2025","0","authorization.tests","Verification Code","11. Проверка ввода некорректного кода","","","test_type_incorrect_code_and_check_error_message[pt-6-!@#$%&-\u0412\u0432\u043e\u0434 \u0441\u043f\u0435\u0446\u0441\u0438\u0432\u043e\u043b\u043e\u0432]",""
"broken","Sun Mar 23 14:01:03 GMT 2025","Sun Mar 23 14:01:03 GMT 2025","0","authorization.tests","Reset Password","8. Проверка на обязательность заполнения: оставить первое поле пустым","","","test_check_error_message_with_empty_create_password_field[ru]",""
"broken","Sun Mar 23 13:36:40 GMT 2025","Sun Mar 23 13:36:40 GMT 2025","0","authorization.tests","SignIn Email","7. Негативные проверки для диапазона","","","test_invalid_email_range_en[ru-emailemailemailemailemailemailemailemailemailemailemailemailemail@example.com-\u0414\u043b\u0438\u043d\u043d\u0430 \u043b\u043e\u043a\u0430\u043b\u044c\u043d\u043e\u0433\u043e \u0438\u043c\u0435\u043d\u0438 65 \u0441\u0438\u043c\u0432\u043e\u043b\u043e\u0432]",""
"broken","Sun Mar 23 14:34:32 GMT 2025","Sun Mar 23 14:34:32 GMT 2025","0","authorization.tests","Verification Code","2. Проверка наличия email, введённого ранее на странице входа","","","test_check_email_text_on_verification_code_page[pt]",""
"broken","Sun Mar 23 13:24:14 GMT 2025","Sun Mar 23 13:24:14 GMT 2025","0","authorization.tests","SignIn Email","6. Негативные проверки для набора значений","","","test_invalid_email_set_of_values_en[en-email.@example.com-\u0422\u043e\u0447\u043a\u0430 \u0432 \u043a\u043e\u043d\u0446\u0435 \u043b\u043e\u043a\u0430\u043b\u044c\u043d\u043e\u0433\u043e \u0438\u043c\u0435\u043d\u0438]",""
"broken","Sun Mar 23 13:28:32 GMT 2025","Sun Mar 23 13:28:32 GMT 2025","0","authorization.tests","SignIn Email","6. Негативные проверки для набора значений","","","test_invalid_email_set_of_values_en[ru-email.@example.com-\u0422\u043e\u0447\u043a\u0430 \u0432 \u043a\u043e\u043d\u0446\u0435 \u043b\u043e\u043a\u0430\u043b\u044c\u043d\u043e\u0433\u043e \u0438\u043c\u0435\u043d\u0438]",""
"broken","Sun Mar 23 14:14:27 GMT 2025","Sun Mar 23 14:14:27 GMT 2025","0","authorization.tests","SignUp Password","2. Проверка наличия email, введённого ранее на странице входа","","","test_check_email_text_on_signup_page[pt]",""
"broken","Sun Mar 23 13:52:27 GMT 2025","Sun Mar 23 13:52:27 GMT 2025","0","authorization.tests","Reset Password","2. Проверка наличия заголовка Reset Password / Сброс пароля/ Redefinir Senha","","","test_check_title_on_reset_password_page[ru]",""
"broken","Sun Mar 23 14:25:55 GMT 2025","Sun Mar 23 14:25:55 GMT 2025","0","authorization.tests","SignUp Password","10. Проверка ввода 2х одинаковых валидных паролей, но в разном регистре","","","test_check_enter_two_seperate_password_in_different_register[pt]",""
"broken","Sun Mar 23 14:46:00 GMT 2025","Sun Mar 23 14:46:00 GMT 2025","0","authorization.tests","Verification Code","10. Проверка ввода 1 или 5 символов в поля ввода кода верификации","","","test_check_no_button_on_the_page[ru-1-0]",""
"broken","Sun Mar 23 13:03:41 GMT 2025","Sun Mar 23 13:04:09 GMT 2025","28303","authorization.tests","Header","1. Проверка перехода по логотипу на главную страницу лендинга","","","RU  - Проверка перехода по логотипу на главную страницу лендинга",""
"broken","Sun Mar 23 13:30:55 GMT 2025","Sun Mar 23 13:30:55 GMT 2025","0","authorization.tests","SignIn Email","6. Негативные проверки для набора значений","","","test_invalid_email_set_of_values_en[pt-email@email@example.com-\u041d\u0435\u0441\u043a\u043e\u043b\u044c\u043a\u043e @@]",""
"broken","Sun Mar 23 14:43:08 GMT 2025","Sun Mar 23 14:43:08 GMT 2025","0","authorization.tests","Verification Code","8. Проверка наличия кнопки Verify/Проверить/Verificar при введении кода подтверждения из 6 символов","","","test_check_verify_button[pt]",""
"broken","Sun Mar 23 13:09:54 GMT 2025","Sun Mar 23 13:09:54 GMT 2025","0","authorization.tests","SignIn Email","1. Проверка ввода зарегистрированного в базе email в поле ввода","","","test_enter_registered_email[pt]",""
"broken","Sun Mar 23 13:20:25 GMT 2025","Sun Mar 23 13:20:25 GMT 2025","0","authorization.tests","SignIn Email","5. Негативные проверки: Пустое поле","","","test_empty_email_field[en]",""
"broken","Sun Mar 23 13:39:32 GMT 2025","Sun Mar 23 13:39:32 GMT 2025","0","authorization.tests","SignIn Email","7. Негативные проверки для диапазона","","","test_invalid_email_range_en[pt-email@exampleexampleexampleexampleexampleexampleexampleexampleexamplee.com-\u0414\u043b\u0438\u043d\u0430 \u0434\u043e\u043c\u0435\u043d\u043d\u043e\u0433\u043e \u0438\u043c\u0435\u043d\u0438 64 \u0441\u0438\u043c\u0432\u043e\u043b\u0430]",""
"broken","Sun Mar 23 13:21:51 GMT 2025","Sun Mar 23 13:21:51 GMT 2025","0","authorization.tests","SignIn Email","6. Негативные проверки для набора значений","","","test_invalid_email_set_of_values_en[en-emailexample.com-\u041e\u0442\u0441\u0443\u0442\u0441\u0442\u0432\u0438\u0435 \u0437\u043d\u0430\u043a\u0430 @]",""
"broken","Sun Mar 23 13:46:42 GMT 2025","Sun Mar 23 13:46:42 GMT 2025","0","authorization.tests","SignIn Password","5. Проверка ввода пароля для зарегистрированного в базе пользователя в поле ввода","","","test_enter_registered_password[ru]",""
"broken","Sun Mar 23 13:13:15 GMT 2025","Sun Mar 23 13:13:43 GMT 2025","28304","authorization.tests","SignIn Email","3. Позитивные проверки для набора значений","","","Проверка ввода незарегистрированного в базе email в поле ввода - Цифры после букв в локальном имени",""
"broken","Sun Mar 23 13:31:53 GMT 2025","Sun Mar 23 13:31:53 GMT 2025","0","authorization.tests","SignIn Email","6. Негативные проверки для набора значений","","","test_invalid_email_set_of_values_en[pt-@example.com-\u041e\u0442\u0441\u0443\u0442\u0441\u0442\u0432\u0438\u0435 \u043b\u043e\u043a\u0430\u043b\u044c\u043d\u043e\u0433\u043e \u0438\u043c\u0435\u043d\u0438]",""
"broken","Sun Mar 23 13:49:06 GMT 2025","Sun Mar 23 13:49:06 GMT 2025","0","authorization.tests","SignIn Password","7. Проверка: Оставить поле пустым","","","test_empty_password_field[en]",""
"broken","Sun Mar 23 13:43:22 GMT 2025","Sun Mar 23 13:43:22 GMT 2025","0","authorization.tests","SignIn Password","3. Проверка наличия ссылки Change email/Alterar email/Изменить электронную почту","","","test_check_change_email_link_on_welcome_page[en]",""
"broken","Sun Mar 23 14:08:42 GMT 2025","Sun Mar 23 14:08:42 GMT 2025","0","authorization.tests","Reset Password","12. Негативные проверки валидации: Проверка ввода 2х одинаковых невалидных паролей","","","test_check_enter_two_seperate_uncorrect_password[pt-7]",""
"broken","Sun Mar 23 13:48:08 GMT 2025","Sun Mar 23 13:48:08 GMT 2025","0","authorization.tests","SignIn Password","6. Проверка ввода пароля, отличного от указанного при успешной регистрации в поле ввода","","","test_enter_unregistered_password[ru]",""
"broken","Sun Mar 23 14:19:42 GMT 2025","Sun Mar 23 14:19:42 GMT 2025","0","authorization.tests","SignUp Password","6. В первом поле Create Password / Создать пароль / Criar senha присутствует плейсхолдер","","","test_check_placeholder_in_enter_password_field[ru]",""
"broken","Sun Mar 23 13:54:50 GMT 2025","Sun Mar 23 13:54:50 GMT 2025","0","authorization.tests","Reset Password","4. Проверка наличия ссылки Change email/Alterar email/Изменить электронную почту","","","test_check_change_email_link_on_reset_password_page[en]",""
"broken","Sun Mar 23 14:31:10 GMT 2025","Sun Mar 23 14:31:10 GMT 2025","0","authorization.tests","SignUp Password","12. Позитивные проверки валидации - Проверка ввода 2х одинаковых валидных паролей","","","test_check_enter_two_seperate_correct_password[pt-8]",""
"broken","Sun Mar 23 14:07:45 GMT 2025","Sun Mar 23 14:07:45 GMT 2025","0","authorization.tests","Reset Password","12. Негативные проверки валидации: Проверка ввода 2х одинаковых невалидных паролей","","","test_check_enter_two_seperate_uncorrect_password[ru-7]",""
"broken","Sun Mar 23 14:37:52 GMT 2025","Sun Mar 23 14:37:52 GMT 2025","0","authorization.tests","Verification Code","5. Наличие на странице текста Resend Code / Повторная отправка кода / Reenviar código em и таймера 60 секунд","","","test_timer_60_sec[en]",""
"broken","Sun Mar 23 14:13:01 GMT 2025","Sun Mar 23 14:13:01 GMT 2025","0","authorization.tests","SignUp Password","1. Проверка наличия заголовка Create an Account / Создать аккаунт / Criar conta","","","test_check_title_on_signup_page[pt]",""
"broken","Sun Mar 23 14:22:34 GMT 2025","Sun Mar 23 14:22:34 GMT 2025","0","authorization.tests","SignUp Password","8. Проверка на обязательность заполнения: оставить второе поле пустым","","","test_check_error_message_with_empty_repeat_password_field[ru]",""
"broken","Sun Mar 23 14:45:31 GMT 2025","Sun Mar 23 14:45:31 GMT 2025","0","authorization.tests","Verification Code","10. Проверка ввода 1 или 5 символов в поля ввода кода верификации","","","test_check_no_button_on_the_page[en-5-00000]",""
"broken","Sun Mar 23 14:36:55 GMT 2025","Sun Mar 23 14:36:55 GMT 2025","0","authorization.tests","Verification Code","4. Проверка перехода по ссылке Change email/Alterar email/Изменить электронную почту","","","test_click_change_email_link_on_verification_code_page[ru]",""
"broken","Sun Mar 23 13:29:01 GMT 2025","Sun Mar 23 13:29:01 GMT 2025","0","authorization.tests","SignIn Email","6. Негативные проверки для набора значений","","","test_invalid_email_set_of_values_en[ru-email@-\u041e\u0442\u0441\u0443\u0442\u0441\u0442\u0432\u0438\u0435 \u0434\u043e\u043c\u0435\u043d\u043d\u043e\u0433\u043e \u0438\u043c\u0435\u043d\u0438]",""
"broken","Sun Mar 23 13:22:48 GMT 2025","Sun Mar 23 13:22:48 GMT 2025","0","authorization.tests","SignIn Email","6. Негативные проверки для набора значений","","","test_invalid_email_set_of_values_en[en-email @example.com-\u041f\u0440\u043e\u0431\u0435\u043b \u0432 \u0441\u0435\u0440\u0435\u0434\u0438\u043d\u0435 \u0441\u0442\u0440\u043e\u043a\u0438]",""
"broken","Sun Mar 23 13:14:12 GMT 2025","Sun Mar 23 13:14:40 GMT 2025","28248","authorization.tests","SignIn Email","3. Позитивные проверки для набора значений","","","Проверка ввода незарегистрированного в базе email в поле ввода - Спецсимволы в локальном имени",""
"broken","Sun Mar 23 14:13:58 GMT 2025","Sun Mar 23 14:13:58 GMT 2025","0","authorization.tests","SignUp Password","2. Проверка наличия email, введённого ранее на странице входа","","","test_check_email_text_on_signup_page[ru]",""
"broken","Sun Mar 23 14:50:46 GMT 2025","Sun Mar 23 14:50:46 GMT 2025","0","authorization.tests","Verification Code","11. Проверка ввода некорректного кода","","","test_type_incorrect_code_and_check_error_message[pt-6-123456-\u041d\u0435\u043f\u0440\u0430\u0432\u0438\u043b\u044c\u043d\u044b\u0439 \u043a\u043e\u0434 \u043f\u043e\u0434\u0442\u0432\u0435\u0440\u0436\u0434\u0435\u043d\u0438\u044f]",""
"broken","Sun Mar 23 14:18:16 GMT 2025","Sun Mar 23 14:18:16 GMT 2025","0","authorization.tests","SignUp Password","5. Кнопка Продолжить неактивна при незаполненных полях","","","test_check_reset_button_with_empty_fields[ru]",""
"broken","Sun Mar 23 13:48:37 GMT 2025","Sun Mar 23 13:48:37 GMT 2025","0","authorization.tests","SignIn Password","6. Проверка ввода пароля, отличного от указанного при успешной регистрации в поле ввода","","","test_enter_unregistered_password[pt]",""
"broken","Sun Mar 23 13:29:58 GMT 2025","Sun Mar 23 13:29:58 GMT 2025","0","authorization.tests","SignIn Email","6. Негативные проверки для набора значений","","","test_invalid_email_set_of_values_en[ru-email@example-.com-\u0414\u0435\u0444\u0438\u0441 \u0432 \u043a\u043e\u043d\u0446\u0435 \u0434\u043e\u043c\u0435\u043d\u043d\u043e\u0433\u043e \u0438\u043c\u0435\u043d\u0438]",""
"broken","Sun Mar 23 13:44:19 GMT 2025","Sun Mar 23 13:44:19 GMT 2025","0","authorization.tests","SignIn Password","3. Проверка наличия ссылки Change email/Alterar email/Изменить электронную почту","","","test_check_change_email_link_on_welcome_page[pt]",""
"broken","Sun Mar 23 13:23:17 GMT 2025","Sun Mar 23 13:23:17 GMT 2025","0","authorization.tests","SignIn Email","6. Негативные проверки для набора значений","","","test_invalid_email_set_of_values_en[en-@example.com-\u041e\u0442\u0441\u0443\u0442\u0441\u0442\u0432\u0438\u0435 \u043b\u043e\u043a\u0430\u043b\u044c\u043d\u043e\u0433\u043e \u0438\u043c\u0435\u043d\u0438]",""
"broken","Sun Mar 23 14:44:34 GMT 2025","Sun Mar 23 14:44:34 GMT 2025","0","authorization.tests","Verification Code","9. Проверка ввода корректного кода подтверждения - 6 символов","","","test_enter_correct_verification_code[pt]",""
"broken","Sun Mar 23 13:35:42 GMT 2025","Sun Mar 23 13:35:42 GMT 2025","0","authorization.tests","SignIn Email","7. Негативные проверки для диапазона","","","test_invalid_email_range_en[en-email@exampleexampleexampleexampleexampleexampleexampleexampleexamplee.com-\u0414\u043b\u0438\u043d\u0430 \u0434\u043e\u043c\u0435\u043d\u043d\u043e\u0433\u043e \u0438\u043c\u0435\u043d\u0438 64 \u0441\u0438\u043c\u0432\u043e\u043b\u0430]",""
"broken","Sun Mar 23 13:27:06 GMT 2025","Sun Mar 23 13:27:06 GMT 2025","0","authorization.tests","SignIn Email","6. Негативные проверки для набора значений","","","test_invalid_email_set_of_values_en[ru-email @example.com-\u041f\u0440\u043e\u0431\u0435\u043b \u0432 \u0441\u0435\u0440\u0435\u0434\u0438\u043d\u0435 \u0441\u0442\u0440\u043e\u043a\u0438]",""
"broken","Sun Mar 23 13:51:01 GMT 2025","Sun Mar 23 13:51:01 GMT 2025","0","authorization.tests","Reset Password","1. Проверка перехода по ссылке на страницу восстановления пароля","","","test_go_to_the_reset_password_page[ru]",""
"broken","Sun Mar 23 13:51:58 GMT 2025","Sun Mar 23 13:51:58 GMT 2025","0","authorization.tests","Reset Password","2. Проверка наличия заголовка Reset Password / Сброс пароля/ Redefinir Senha","","","test_check_title_on_reset_password_page[en]",""
"broken","Sun Mar 23 14:05:21 GMT 2025","Sun Mar 23 14:05:21 GMT 2025","0","authorization.tests","Reset Password","11. Проверка ввода 2х одинаковых валидных паролей, но в разном регистре","","","test_check_enter_two_seperate_password_in_different_register[ru]",""
"broken","Sun Mar 23 14:07:16 GMT 2025","Sun Mar 23 14:07:16 GMT 2025","0","authorization.tests","Reset Password","12. Негативные проверки валидации: Проверка ввода 2х одинаковых невалидных паролей","","","test_check_enter_two_seperate_uncorrect_password[ru-1]",""
"broken","Sun Mar 23 14:37:24 GMT 2025","Sun Mar 23 14:37:24 GMT 2025","0","authorization.tests","Verification Code","4. Проверка перехода по ссылке Change email/Alterar email/Изменить электронную почту","","","test_click_change_email_link_on_verification_code_page[pt]",""
"broken","Sun Mar 23 13:09:25 GMT 2025","Sun Mar 23 13:09:25 GMT 2025","0","authorization.tests","SignIn Email","1. Проверка ввода зарегистрированного в базе email в поле ввода","","","test_enter_registered_email[ru]",""
"broken","Sun Mar 23 14:03:55 GMT 2025","Sun Mar 23 14:03:55 GMT 2025","0","authorization.tests","Reset Password","10. Проверка ввода 2х разных валидных паролей","","","test_check_enter_two_different_password[ru]",""
"broken","Sun Mar 23 14:48:23 GMT 2025","Sun Mar 23 14:48:23 GMT 2025","0","authorization.tests","Verification Code","11. Проверка ввода некорректного кода","","","test_type_incorrect_code_and_check_error_message[en-6-abcdef-\u0412\u0432\u043e\u0434 \u0441\u0438\u043c\u0432\u043e\u043b\u043e\u0432]",""
"broken","Sun Mar 23 14:00:06 GMT 2025","Sun Mar 23 14:00:06 GMT 2025","0","authorization.tests","Reset Password","7. В первом поле Create Password / Создать пароль / Criar senha присутствует плейсхолдер","","","test_check_placeholder_in_enter_password_field[pt]",""
"broken","Sun Mar 23 13:19:28 GMT 2025","Sun Mar 23 13:19:56 GMT 2025","28290","authorization.tests","SignIn Email","4. Позитивные проверки для диапазона","","","Проверка ввода незарегистрированного в базе email в поле ввода - Длина доменного имени 62 символа",""
"broken","Sun Mar 23 14:45:02 GMT 2025","Sun Mar 23 14:45:02 GMT 2025","0","authorization.tests","Verification Code","10. Проверка ввода 1 или 5 символов в поля ввода кода верификации","","","test_check_no_button_on_the_page[en-1-0]",""
"broken","Sun Mar 23 14:24:57 GMT 2025","Sun Mar 23 14:24:57 GMT 2025","0","authorization.tests","SignUp Password","10. Проверка ввода 2х одинаковых валидных паролей, но в разном регистре","","","test_check_enter_two_seperate_password_in_different_register[en]",""
"broken","Sun Mar 23 13:11:20 GMT 2025","Sun Mar 23 13:11:20 GMT 2025","0","authorization.tests","SignIn Email","2. Проверка ввода незарегистрированного в базе email в поле ввода","","","test_enter_unregistered_email[pt]",""
"broken","Sun Mar 23 13:25:40 GMT 2025","Sun Mar 23 13:25:40 GMT 2025","0","authorization.tests","SignIn Email","6. Негативные проверки для набора значений","","","test_invalid_email_set_of_values_en[en-email@example-.com-\u0414\u0435\u0444\u0438\u0441 \u0432 \u043a\u043e\u043d\u0446\u0435 \u0434\u043e\u043c\u0435\u043d\u043d\u043e\u0433\u043e \u0438\u043c\u0435\u043d\u0438]",""
"broken","Sun Mar 23 14:15:24 GMT 2025","Sun Mar 23 14:15:24 GMT 2025","0","authorization.tests","SignUp Password","3. Проверка наличия ссылки Change email/Alterar email/Изменить электронную почту","","","test_check_change_email_link_on_signup_page[ru]",""
"broken","Sun Mar 23 14:02:29 GMT 2025","Sun Mar 23 14:02:29 GMT 2025","0","authorization.tests","Reset Password","9. Проверка на обязательность заполнения: оставить второе поле пустым","","","test_check_error_message_with_empty_repeat_password_field[ru]",""
"broken","Sun Mar 23 13:18:59 GMT 2025","Sun Mar 23 13:19:27 GMT 2025","28271","authorization.tests","SignIn Email","4. Позитивные проверки для диапазона","","","Проверка ввода незарегистрированного в базе email в поле ввода - Длина доменного имени 2 символа",""
"broken","Sun Mar 23 13:24:43 GMT 2025","Sun Mar 23 13:24:43 GMT 2025","0","authorization.tests","SignIn Email","6. Негативные проверки для набора значений","","","test_invalid_email_set_of_values_en[en-email@-\u041e\u0442\u0441\u0443\u0442\u0441\u0442\u0432\u0438\u0435 \u0434\u043e\u043c\u0435\u043d\u043d\u043e\u0433\u043e \u0438\u043c\u0435\u043d\u0438]",""
"broken","Sun Mar 23 14:24:29 GMT 2025","Sun Mar 23 14:24:29 GMT 2025","0","authorization.tests","SignUp Password","9. Проверка ввода 2х разных валидных паролей","","","test_check_enter_two_different_password[pt]",""
"broken","Sun Mar 23 13:35:14 GMT 2025","Sun Mar 23 13:35:14 GMT 2025","0","authorization.tests","SignIn Email","7. Негативные проверки для диапазона","","","test_invalid_email_range_en[en-emailemailemailemailemailemailemailemailemailemailemailemailemaile@example.com-\u0414\u043b\u0438\u043d\u043d\u0430 \u043b\u043e\u043a\u0430\u043b\u044c\u043d\u043e\u0433\u043e \u0438\u043c\u0435\u043d\u0438 66 \u0441\u0438\u043c\u0432\u043e\u043b\u043e\u0432]",""
"broken","Sun Mar 23 13:40:30 GMT 2025","Sun Mar 23 13:40:30 GMT 2025","0","authorization.tests","SignIn Password","1. Проверка наличия заголовка Welcome / Добро пожаловать / Bem-vindo","","","test_check_welcome_title[en]",""
"broken","Sun Mar 23 14:50:18 GMT 2025","Sun Mar 23 14:50:18 GMT 2025","0","authorization.tests","Verification Code","11. Проверка ввода некорректного кода","","","test_type_incorrect_code_and_check_error_message[ru-6-!@#$%&-\u0412\u0432\u043e\u0434 \u0441\u043f\u0435\u0446\u0441\u0438\u0432\u043e\u043b\u043e\u0432]",""
"broken","Sun Mar 23 14:36:26 GMT 2025","Sun Mar 23 14:36:26 GMT 2025","0","authorization.tests","Verification Code","4. Проверка перехода по ссылке Change email/Alterar email/Изменить электронную почту","","","test_click_change_email_link_on_verification_code_page[en]",""
"broken","Sun Mar 23 14:19:13 GMT 2025","Sun Mar 23 14:19:13 GMT 2025","0","authorization.tests","SignUp Password","6. В первом поле Create Password / Создать пароль / Criar senha присутствует плейсхолдер","","","test_check_placeholder_in_enter_password_field[en]",""
"broken","Sun Mar 23 13:30:27 GMT 2025","Sun Mar 23 13:30:27 GMT 2025","0","authorization.tests","SignIn Email","6. Негативные проверки для набора значений","","","test_invalid_email_set_of_values_en[pt-emailexample.com-\u041e\u0442\u0441\u0443\u0442\u0441\u0442\u0432\u0438\u0435 \u0437\u043d\u0430\u043a\u0430 @]",""
"broken","Sun Mar 23 13:10:51 GMT 2025","Sun Mar 23 13:10:51 GMT 2025","0","authorization.tests","SignIn Email","2. Проверка ввода незарегистрированного в базе email в поле ввода","","","test_enter_unregistered_email[ru]",""
"broken","Sun Mar 23 13:04:10 GMT 2025","Sun Mar 23 13:04:38 GMT 2025","28287","authorization.tests","Header","1. Проверка перехода по логотипу на главную страницу лендинга","","","PT  - Проверка перехода по логотипу на главную страницу лендинга",""
"broken","Sun Mar 23 14:11:05 GMT 2025","Sun Mar 23 14:11:05 GMT 2025","0","authorization.tests","Reset Password","13. Позитивные проверки валидации - Проверка ввода 2х одинаковых валидных паролей","","","test_check_enter_two_seperate_correct_password[pt-8]",""
"broken","Sun Mar 23 13:53:53 GMT 2025","Sun Mar 23 13:53:53 GMT 2025","0","authorization.tests","Reset Password","3. Проверка наличия email, введённого ранее на странице входа","","","test_check_email_text_on_reset_password_page[ru]",""
"broken","Sun Mar 23 14:10:37 GMT 2025","Sun Mar 23 14:10:37 GMT 2025","0","authorization.tests","Reset Password","13. Позитивные проверки валидации - Проверка ввода 2х одинаковых валидных паролей","","","test_check_enter_two_seperate_correct_password[ru-9]",""
"broken","Sun Mar 23 13:38:34 GMT 2025","Sun Mar 23 13:38:34 GMT 2025","0","authorization.tests","SignIn Email","7. Негативные проверки для диапазона","","","test_invalid_email_range_en[pt-emailemailemailemailemailemailemailemailemailemailemailemailemail@example.com-\u0414\u043b\u0438\u043d\u043d\u0430 \u043b\u043e\u043a\u0430\u043b\u044c\u043d\u043e\u0433\u043e \u0438\u043c\u0435\u043d\u0438 65 \u0441\u0438\u043c\u0432\u043e\u043b\u043e\u0432]",""
"broken","Sun Mar 23 13:51:30 GMT 2025","Sun Mar 23 13:51:30 GMT 2025","0","authorization.tests","Reset Password","1. Проверка перехода по ссылке на страницу восстановления пароля","","","test_go_to_the_reset_password_page[pt]",""
"broken","Sun Mar 23 14:08:13 GMT 2025","Sun Mar 23 14:08:13 GMT 2025","0","authorization.tests","Reset Password","12. Негативные проверки валидации: Проверка ввода 2х одинаковых невалидных паролей","","","test_check_enter_two_seperate_uncorrect_password[pt-1]",""
"broken","Sun Mar 23 13:34:16 GMT 2025","Sun Mar 23 13:34:16 GMT 2025","0","authorization.tests","SignIn Email","6. Негативные проверки для набора значений","","","test_invalid_email_set_of_values_en[pt-email@example-.com-\u0414\u0435\u0444\u0438\u0441 \u0432 \u043a\u043e\u043d\u0446\u0435 \u0434\u043e\u043c\u0435\u043d\u043d\u043e\u0433\u043e \u0438\u043c\u0435\u043d\u0438]",""
"broken","Sun Mar 23 13:41:56 GMT 2025","Sun Mar 23 13:41:56 GMT 2025","0","authorization.tests","SignIn Password","2. Проверка наличия email, введённого ранее на странице входа","","","test_check_email_text_on_welcome_page[en]",""
"broken","Sun Mar 23 13:18:02 GMT 2025","Sun Mar 23 13:18:30 GMT 2025","28283","authorization.tests","SignIn Email","4. Позитивные проверки для диапазона","","","Проверка ввода незарегистрированного в базе email в поле ввода - Длинна локального имени 64 символа",""
"broken","Sun Mar 23 14:39:18 GMT 2025","Sun Mar 23 14:39:18 GMT 2025","0","authorization.tests","Verification Code","6. По истечении 60 секунд появляется текст Didn't receive an email? / Не получили письмо? / Não recebeu o email?                        и ссылки с текстом Click to Resend / Нажмите, чтобы отправить повторно / Clique para reenviar под полями для ввода кода подтверждения","","","test_find_resend_link[en]",""
"broken","Sun Mar 23 14:33:34 GMT 2025","Sun Mar 23 14:33:34 GMT 2025","0","authorization.tests","Verification Code","2. Проверка наличия email, введённого ранее на странице входа","","","test_check_email_text_on_verification_code_page[en]",""
"broken","Sun Mar 23 14:23:31 GMT 2025","Sun Mar 23 14:23:31 GMT 2025","0","authorization.tests","SignUp Password","9. Проверка ввода 2х разных валидных паролей","","","test_check_enter_two_different_password[en]",""
"broken","Sun Mar 23 14:12:03 GMT 2025","Sun Mar 23 14:12:03 GMT 2025","0","authorization.tests","SignUp Password","1. Проверка наличия заголовка Create an Account / Создать аккаунт / Criar conta","","","test_check_title_on_signup_page[en]",""
"broken","Sun Mar 23 13:55:19 GMT 2025","Sun Mar 23 13:55:19 GMT 2025","0","authorization.tests","Reset Password","4. Проверка наличия ссылки Change email/Alterar email/Изменить электронную почту","","","test_check_change_email_link_on_reset_password_page[ru]",""
"broken","Sun Mar 23 13:08:28 GMT 2025","Sun Mar 23 13:08:56 GMT 2025","28250","authorization.tests","Header","4. Проверка перехода по пункту меню ""FAQ"" на раздел ""FAQ/FAQ/Perguntas frequentes"" главной страницы лендинга","","","PT  - Проверка перехода по пункту меню ""FAQ"" на раздел ""FAQ/FAQ/Perguntas frequentes"" главной страницы лендинга",""
"broken","Sun Mar 23 14:17:47 GMT 2025","Sun Mar 23 14:17:47 GMT 2025","0","authorization.tests","SignUp Password","5. Кнопка Продолжить неактивна при незаполненных полях","","","test_check_reset_button_with_empty_fields[en]",""
"broken","Sun Mar 23 13:07:59 GMT 2025","Sun Mar 23 13:08:27 GMT 2025","28275","authorization.tests","Header","4. Проверка перехода по пункту меню ""FAQ"" на раздел ""FAQ/FAQ/Perguntas frequentes"" главной страницы лендинга","","","RU  - Проверка перехода по пункту меню ""FAQ"" на раздел ""FAQ/FAQ/Perguntas frequentes"" главной страницы лендинга",""
"broken","Sun Mar 23 13:15:38 GMT 2025","Sun Mar 23 13:16:07 GMT 2025","28301","authorization.tests","SignIn Email","3. Позитивные проверки для набора значений","","","Проверка ввода незарегистрированного в базе email в поле ввода - Дефис в середине доменного имени",""
"broken","Sun Mar 23 13:06:33 GMT 2025","Sun Mar 23 13:07:01 GMT 2025","28264","authorization.tests","Header","3. Проверка перехода по пункту меню “Advantages/Преимущества/Vantagens“ на раздел Advantages/Преимущества/Vantagens на главной странице лендинга","","","RU  - Проверка перехода по пункту меню “Advantages/Преимущества/Vantagens“ на раздел Advantages/Преимущества/Vantagens на главной странице лендинга",""
"broken","Sun Mar 23 13:50:03 GMT 2025","Sun Mar 23 13:50:03 GMT 2025","0","authorization.tests","SignIn Password","7. Проверка: Оставить поле пустым","","","test_empty_password_field[pt]",""
"broken","Sun Mar 23 13:47:40 GMT 2025","Sun Mar 23 13:47:40 GMT 2025","0","authorization.tests","SignIn Password","6. Проверка ввода пароля, отличного от указанного при успешной регистрации в поле ввода","","","test_enter_unregistered_password[en]",""
"broken","Sun Mar 23 13:47:11 GMT 2025","Sun Mar 23 13:47:11 GMT 2025","0","authorization.tests","SignIn Password","5. Проверка ввода пароля для зарегистрированного в базе пользователя в поле ввода","","","test_enter_registered_password[pt]",""
"broken","Sun Mar 23 14:20:39 GMT 2025","Sun Mar 23 14:20:39 GMT 2025","0","authorization.tests","SignUp Password","7. Проверка на обязательность заполнения: оставить первое поле пустым","","","test_check_error_message_with_empty_create_password_field[en]",""
"broken","Sun Mar 23 14:48:52 GMT 2025","Sun Mar 23 14:48:52 GMT 2025","0","authorization.tests","Verification Code","11. Проверка ввода некорректного кода","","","test_type_incorrect_code_and_check_error_message[en-6-!@#$%&-\u0412\u0432\u043e\u0434 \u0441\u043f\u0435\u0446\u0441\u0438\u0432\u043e\u043b\u043e\u0432]",""
"broken","Sun Mar 23 14:25:26 GMT 2025","Sun Mar 23 14:25:26 GMT 2025","0","authorization.tests","SignUp Password","10. Проверка ввода 2х одинаковых валидных паролей, но в разном регистре","","","test_check_enter_two_seperate_password_in_different_register[ru]",""
"broken","Sun Mar 23 14:30:41 GMT 2025","Sun Mar 23 14:30:41 GMT 2025","0","authorization.tests","SignUp Password","12. Позитивные проверки валидации - Проверка ввода 2х одинаковых валидных паролей","","","test_check_enter_two_seperate_correct_password[ru-9]",""
"broken","Sun Mar 23 14:01:32 GMT 2025","Sun Mar 23 14:01:32 GMT 2025","0","authorization.tests","Reset Password","8. Проверка на обязательность заполнения: оставить первое поле пустым","","","test_check_error_message_with_empty_create_password_field[pt]",""
"broken","Sun Mar 23 14:20:11 GMT 2025","Sun Mar 23 14:20:11 GMT 2025","0","authorization.tests","SignUp Password","6. В первом поле Create Password / Создать пароль / Criar senha присутствует плейсхолдер","","","test_check_placeholder_in_enter_password_field[pt]",""
"broken","Sun Mar 23 14:28:47 GMT 2025","Sun Mar 23 14:28:47 GMT 2025","0","authorization.tests","SignUp Password","11. Негативные проверки валидации: Проверка ввода 2х одинаковых невалидных паролей","","","test_check_enter_two_seperate_uncorrect_password[pt-7]",""
"broken","Sun Mar 23 13:32:21 GMT 2025","Sun Mar 23 13:32:21 GMT 2025","0","authorization.tests","SignIn Email","6. Негативные проверки для набора значений","","","test_invalid_email_set_of_values_en[pt-.email@example.com-\u0422\u043e\u0447\u043a\u0430 \u0432 \u043d\u0430\u0447\u0430\u043b\u0435 \u043b\u043e\u043a\u0430\u043b\u044c\u043d\u043e\u0433\u043e \u0438\u043c\u0435\u043d\u0438]",""
"broken","Sun Mar 23 13:23:45 GMT 2025","Sun Mar 23 13:23:45 GMT 2025","0","authorization.tests","SignIn Email","6. Негативные проверки для набора значений","","","test_invalid_email_set_of_values_en[en-.email@example.com-\u0422\u043e\u0447\u043a\u0430 \u0432 \u043d\u0430\u0447\u0430\u043b\u0435 \u043b\u043e\u043a\u0430\u043b\u044c\u043d\u043e\u0433\u043e \u0438\u043c\u0435\u043d\u0438]",""
"broken","Sun Mar 23 14:33:05 GMT 2025","Sun Mar 23 14:33:05 GMT 2025","0","authorization.tests","Verification Code","1. Проверка наличия заголовка Check Your Email / Проверьте свою почту / Проверьте свою почту","","","test_check_title_on_verification_code_page[pt]",""
"broken","Sun Mar 23 13:26:09 GMT 2025","Sun Mar 23 13:26:09 GMT 2025","0","authorization.tests","SignIn Email","6. Негативные проверки для набора значений","","","test_invalid_email_set_of_values_en[ru-emailexample.com-\u041e\u0442\u0441\u0443\u0442\u0441\u0442\u0432\u0438\u0435 \u0437\u043d\u0430\u043a\u0430 @]",""
"broken","Sun Mar 23 13:17:33 GMT 2025","Sun Mar 23 13:18:01 GMT 2025","28275","authorization.tests","SignIn Email","4. Позитивные проверки для диапазона","","","Проверка ввода незарегистрированного в базе email в поле ввода - Длинна локального имени 63 символа",""
"broken","Sun Mar 23 14:49:20 GMT 2025","Sun Mar 23 14:49:20 GMT 2025","0","authorization.tests","Verification Code","11. Проверка ввода некорректного кода","","","test_type_incorrect_code_and_check_error_message[ru-6-123456-\u041d\u0435\u043f\u0440\u0430\u0432\u0438\u043b\u044c\u043d\u044b\u0439 \u043a\u043e\u0434 \u043f\u043e\u0434\u0442\u0432\u0435\u0440\u0436\u0434\u0435\u043d\u0438\u044f]",""
"broken","Sun Mar 23 14:28:18 GMT 2025","Sun Mar 23 14:28:18 GMT 2025","0","authorization.tests","SignUp Password","11. Негативные проверки валидации: Проверка ввода 2х одинаковых невалидных паролей","","","test_check_enter_two_seperate_uncorrect_password[pt-1]",""
"broken","Sun Mar 23 13:57:42 GMT 2025","Sun Mar 23 13:57:42 GMT 2025","0","authorization.tests","Reset Password","6. Кнопка сброса пароля неактивна при незаполненных полях","","","test_check_reset_button_with_empty_fields[en]",""
"broken","Sun Mar 23 14:16:50 GMT 2025","Sun Mar 23 14:16:50 GMT 2025","0","authorization.tests","SignUp Password","4. Проверка перехода по ссылке Change email/Alterar email/Изменить электронную почту","","","test_click_change_email_link_on_signup_page[ru]",""
"broken","Sun Mar 23 14:22:05 GMT 2025","Sun Mar 23 14:22:05 GMT 2025","0","authorization.tests","SignUp Password","8. Проверка на обязательность заполнения: оставить второе поле пустым","","","test_check_error_message_with_empty_repeat_password_field[en]",""
"broken","Sun Mar 23 13:53:24 GMT 2025","Sun Mar 23 13:53:24 GMT 2025","0","authorization.tests","Reset Password","3. Проверка наличия email, введённого ранее на странице входа","","","test_check_email_text_on_reset_password_page[en]",""
"broken","Sun Mar 23 14:49:49 GMT 2025","Sun Mar 23 14:49:49 GMT 2025","0","authorization.tests","Verification Code","11. Проверка ввода некорректного кода","","","test_type_incorrect_code_and_check_error_message[ru-6-abcdef-\u0412\u0432\u043e\u0434 \u0441\u0438\u043c\u0432\u043e\u043b\u043e\u0432]",""
"broken","Sun Mar 23 14:41:13 GMT 2025","Sun Mar 23 14:41:13 GMT 2025","0","authorization.tests","Verification Code","7. При клике по ссылке Click to Resend / Нажмите, чтобы отправить повторно / Clique para reenviar появляется текст Resend Code /                       Повторная отправка кода / Reenviar código em и время отсчёта 60 секунд","","","test_click_resend_link_and_find_timer[ru]",""
"broken","Sun Mar 23 14:18:45 GMT 2025","Sun Mar 23 14:18:45 GMT 2025","0","authorization.tests","SignUp Password","5. Кнопка Продолжить неактивна при незаполненных полях","","","test_check_reset_button_with_empty_fields[pt]",""
"broken","Sun Mar 23 14:35:00 GMT 2025","Sun Mar 23 14:35:00 GMT 2025","0","authorization.tests","Verification Code","3. Проверка наличия ссылки Change email/Alterar email/Изменить электронную почту","","","test_check_change_email_link_on_verification_code_page[en]",""
"broken","Sun Mar 23 14:47:26 GMT 2025","Sun Mar 23 14:47:26 GMT 2025","0","authorization.tests","Verification Code","10. Проверка ввода 1 или 5 символов в поля ввода кода верификации","","","test_check_no_button_on_the_page[pt-5-00000]",""
"broken","Sun Mar 23 13:42:24 GMT 2025","Sun Mar 23 13:42:24 GMT 2025","0","authorization.tests","SignIn Password","2. Проверка наличия email, введённого ранее на странице входа","","","test_check_email_text_on_welcome_page[ru]",""
"broken","Sun Mar 23 14:38:21 GMT 2025","Sun Mar 23 14:38:21 GMT 2025","0","authorization.tests","Verification Code","5. Наличие на странице текста Resend Code / Повторная отправка кода / Reenviar código em и таймера 60 секунд","","","test_timer_60_sec[ru]",""
"broken","Sun Mar 23 13:41:27 GMT 2025","Sun Mar 23 13:41:27 GMT 2025","0","authorization.tests","SignIn Password","1. Проверка наличия заголовка Welcome / Добро пожаловать / Bem-vindo","","","test_check_welcome_title[pt]",""
"broken","Sun Mar 23 13:31:24 GMT 2025","Sun Mar 23 13:31:24 GMT 2025","0","authorization.tests","SignIn Email","6. Негативные проверки для набора значений","","","test_invalid_email_set_of_values_en[pt-email @example.com-\u041f\u0440\u043e\u0431\u0435\u043b \u0432 \u0441\u0435\u0440\u0435\u0434\u0438\u043d\u0435 \u0441\u0442\u0440\u043e\u043a\u0438]",""
"broken","Sun Mar 23 13:13:44 GMT 2025","Sun Mar 23 13:14:12 GMT 2025","28282","authorization.tests","SignIn Email","3. Позитивные проверки для набора значений","","","Проверка ввода незарегистрированного в базе email в поле ввода - Цифры до букв в локальном имени",""
"broken","Sun Mar 23 13:06:04 GMT 2025","Sun Mar 23 13:06:33 GMT 2025","28263","authorization.tests","Header","3. Проверка перехода по пункту меню “Advantages/Преимущества/Vantagens“ на раздел Advantages/Преимущества/Vantagens на главной странице лендинга","","","EN  - Проверка перехода по пункту меню “Advantages/Преимущества/Vantagens“ на раздел Advantages/Преимущества/Vantagens на главной странице лендинга",""
"broken","Sun Mar 23 13:03:11 GMT 2025","Sun Mar 23 13:03:40 GMT 2025","29252","authorization.tests","Header","1. Проверка перехода по логотипу на главную страницу лендинга","","","EN  - Проверка перехода по логотипу на главную страницу лендинга",""
"broken","Sun Mar 23 14:26:23 GMT 2025","Sun Mar 23 14:26:23 GMT 2025","0","authorization.tests","SignUp Password","11. Негативные проверки валидации: Проверка ввода 2х одинаковых невалидных паролей","","","test_check_enter_two_seperate_uncorrect_password[en-1]",""
"broken","Sun Mar 23 14:09:11 GMT 2025","Sun Mar 23 14:09:11 GMT 2025","0","authorization.tests","Reset Password","13. Позитивные проверки валидации - Проверка ввода 2х одинаковых валидных паролей","","","test_check_enter_two_seperate_correct_password[en-8]",""
"broken","Sun Mar 23 14:29:15 GMT 2025","Sun Mar 23 14:29:15 GMT 2025","0","authorization.tests","SignUp Password","12. Позитивные проверки валидации - Проверка ввода 2х одинаковых валидных паролей","","","test_check_enter_two_seperate_correct_password[en-8]",""
"broken","Sun Mar 23 14:02:58 GMT 2025","Sun Mar 23 14:02:58 GMT 2025","0","authorization.tests","Reset Password","9. Проверка на обязательность заполнения: оставить второе поле пустым","","","test_check_error_message_with_empty_repeat_password_field[pt]",""
"broken","Sun Mar 23 13:50:32 GMT 2025","Sun Mar 23 13:50:32 GMT 2025","0","authorization.tests","Reset Password","1. Проверка перехода по ссылке на страницу восстановления пароля","","","test_go_to_the_reset_password_page[en]",""
"broken","Sun Mar 23 13:28:03 GMT 2025","Sun Mar 23 13:28:03 GMT 2025","0","authorization.tests","SignIn Email","6. Негативные проверки для набора значений","","","test_invalid_email_set_of_values_en[ru-.email@example.com-\u0422\u043e\u0447\u043a\u0430 \u0432 \u043d\u0430\u0447\u0430\u043b\u0435 \u043b\u043e\u043a\u0430\u043b\u044c\u043d\u043e\u0433\u043e \u0438\u043c\u0435\u043d\u0438]",""
"broken","Sun Mar 23 13:05:36 GMT 2025","Sun Mar 23 13:06:04 GMT 2025","28275","authorization.tests","Header","2. Проверка перехода по пункту меню “Create contract/Создание контракта/Criar Contrato“ на раздел Create contract/Создание контракта/Criar Contrato на главной странице лендинга","","","PT  - Проверка перехода по пункту меню “Create contract/Создание контракта/Criar Contrato“ на раздел Create contract/Создание контракта/Criar Contrato на главной странице лендинга",""
"broken","Sun Mar 23 13:57:14 GMT 2025","Sun Mar 23 13:57:14 GMT 2025","0","authorization.tests","Reset Password","5. Проверка перехода по ссылке Change email/Alterar email/Изменить электронную почту","","","test_click_change_email_link_on_reset_password_page[pt]",""
"broken","Sun Mar 23 13:07:30 GMT 2025","Sun Mar 23 13:07:59 GMT 2025","28261","authorization.tests","Header","4. Проверка перехода по пункту меню ""FAQ"" на раздел ""FAQ/FAQ/Perguntas frequentes"" главной страницы лендинга","","","EN  - Проверка перехода по пункту меню ""FAQ"" на раздел ""FAQ/FAQ/Perguntas frequentes"" главной страницы лендинга",""
"broken","Sun Mar 23 13:21:22 GMT 2025","Sun Mar 23 13:21:22 GMT 2025","0","authorization.tests","SignIn Email","5. Негативные проверки: Пустое поле","","","test_empty_email_field[pt]",""
"broken","Sun Mar 23 13:15:10 GMT 2025","Sun Mar 23 13:15:38 GMT 2025","28270","authorization.tests","SignIn Email","3. Позитивные проверки для набора значений","","","Проверка ввода незарегистрированного в базе email в поле ввода - Цифры до букв в доменном имени",""
"broken","Sun Mar 23 13:32:50 GMT 2025","Sun Mar 23 13:32:50 GMT 2025","0","authorization.tests","SignIn Email","6. Негативные проверки для набора значений","","","test_invalid_email_set_of_values_en[pt-email.@example.com-\u0422\u043e\u0447\u043a\u0430 \u0432 \u043a\u043e\u043d\u0446\u0435 \u043b\u043e\u043a\u0430\u043b\u044c\u043d\u043e\u0433\u043e \u0438\u043c\u0435\u043d\u0438]",""
"broken","Sun Mar 23 13:19:56 GMT 2025","Sun Mar 23 13:20:25 GMT 2025","28248","authorization.tests","SignIn Email","4. Позитивные проверки для диапазона","","","Проверка ввода незарегистрированного в базе email в поле ввода - Длина доменного имени 63 символа",""
"broken","Sun Mar 23 13:12:18 GMT 2025","Sun Mar 23 13:12:46 GMT 2025","28276","authorization.tests","SignIn Email","3. Позитивные проверки для набора значений","","","Проверка ввода незарегистрированного в базе email в поле ввода - Кириллица в локальном имени",""
"broken","Sun Mar 23 13:56:16 GMT 2025","Sun Mar 23 13:56:16 GMT 2025","0","authorization.tests","Reset Password","5. Проверка перехода по ссылке Change email/Alterar email/Изменить электронную почту","","","test_click_change_email_link_on_reset_password_page[en]",""
"broken","Sun Mar 23 14:21:08 GMT 2025","Sun Mar 23 14:21:08 GMT 2025","0","authorization.tests","SignUp Password","7. Проверка на обязательность заполнения: оставить первое поле пустым","","","test_check_error_message_with_empty_create_password_field[ru]",""
